1411523853.000000
1411549931.000000
1411549941.000000
1833450726.000000
1833450727.000000
1833450729.000000
1833450730.000000
1833450731.000000
1833450733.000000
1833450734.000000
1833450735.000000
1833450736.000000
1833450737.000000
1833450738.000000
1833450740.000000
1833450742.000000
1833450744.000000
1833450746.000000
1833450748.000000
1833450749.000000
1833450751.000000
1833450753.000000
1833450754.000000
1833450755.000000
1833450756.000000
1833450757.000000
1833450758.000000
1833450759.000000
1833450760.000000
1833450761.000000
1833450762.000000
1833450763.000000
1833450764.000000
1833450765.000000
1833450766.000000
1833450767.000000
1833450768.000000
1833450769.000000
1833450771.000000
1833450772.000000
1923770561.000000
1923770568.000000
1923770569.000000
1923770570.000000
1923770571.000000
1923770573.000000
1923770577.000000
1923770579.000000
1923770581.000000
1923770582.000000
1923770584.000000
1923770585.000000
1923770586.000000
1923770587.000000
1923770588.000000
1923770589.000000
1923770590.000000
1923770591.000000
1923770592.000000
1923770594.000000
1923770596.000000
1923770597.000000
1923770598.000000
1923770600.000000
1923770602.000000
1923770604.000000
1923770605.000000
1923770606.000000
1923770612.000000
1923770617.000000
1923770623.000000
1923770636.000000
1923770638.000000
1923770640.000000
2016232936.000000
2210458163.000000
2210458169.000000
2411324518.000000
2411324519.000000
3191379842.000000
6566729514.000000
6566729515.000000
6566729523.000000
6566729524.000000
6566729528.000000
6566729530.000000
6566729531.000000
6566729538.000000
6566729539.000000
6566729540.000000
6566729541.000000
6566729544.000000
6566729547.000000
6566729550.000000
6566729551.000000
6566729553.000000
6566729554.000000
6566729555.000000
6566729558.000000
6566729559.000000
6566729560.000000
6566729561.000000
6566729562.000000
6566729563.000000
6566729564.000000
6566729565.000000
6566729566.000000
6566729569.000000
6566729570.000000
6566729571.000000
6566729572.000000
6566729574.000000
6566729575.000000
6566729577.000000
6566729578.000000
6566729580.000000
6566729581.000000
6566729582.000000
6566729583.000000
6566729584.000000
7580271722.000000
7580271734.000000
7580271740.000000
8154013995.000000
8339659469.000000
8339659470.000000
8339659471.000000
8339659472.000000
8339659473.000000
8339659474.000000
8339659475.000000
8339659476.000000
8339659477.000000
8339659481.000000
8339659482.000000
8339659483.000000
8339659484.000000
8339997452.000000
8339997453.000000
8339997454.000000
8339997455.000000
8339997456.000000
8339997457.000000
8339997458.000000
8339997459.000000
8339997460.000000
8339997461.000000
8339997462.000000
8339997463.000000
8339997464.000000
8339997465.000000
8339997466.000000
8340150972.000000
8340150973.000000
