1391548741.000000
2469500642.000000
2469500644.000000
2469500645.000000
2469500654.000000
2469500656.000000
2469500657.000000
2469500659.000000
2469500670.000000
2469500672.000000
2469500674.000000
2469500677.000000
2469500720.000000
3318554096.000000
3318554097.000000
3318554098.000000
3321419799.000000
3321419800.000000
3321419801.000000
3321419802.000000
5934207200.000000
5934207201.000000
5934207202.000000
5934207203.000000
5934207204.000000
6259878219.000000
6259878223.000000
6259878224.000000
6259878225.000000
6259878226.000000
9434864762.000000
9434864763.000000
9434864812.000000
